image: map_3d.pgm
resolution: 0.050000
origin: [-28.550000, -72.450000, 0.000000]
negate: 0
occupied_thresh: 0.65
free_thresh: 0.196

