image: map_3d.pgm
resolution: 0.050000
origin: [-22.350000, -19.750000, 0.000000]
negate: 0
occupied_thresh: 0.65
free_thresh: 0.196

